VN:A Args ArgsFollow B Code CodeBody CodeList CompareSymbol ElseIFPart ElsePart F FormalParameters FormalParametersFollow FuncCall FuncCallFollow Funcs FuncsHead IFStatementFollow IfStatement JudgeStatement JudgeStatementFollow LocalDefineList LocalVarDefine LoopStatement M N NormalStatement NormalStatementFollow Operation PrefixStatement Program Struct T Type 
VT:!= ( ) * *= + ++ += , - -- -= / /= ; < <= = == > >= CALL ID NUM break char continue elif else float if int return st struct void while { } # 
A:40 -1 40 -1 -1 39 -1 -1 -1 39 -1 -1 -1 -1 40 40 40 -1 40 40 40 -1 -1 -1 -1 -1 -1 -1 -1 -1 -1 -1 -1 -1 -1 -1 -1 -1 -1 -1
Args:-1 73 74 -1 -1 -1 73 -1 -1 -1 73 -1 -1 -1 -1 -1 -1 -1 -1 -1 -1 -1 73 73 -1 -1 -1 -1 -1 -1 -1 -1 -1 -1 -1 -1 -1 -1 -1 -1
ArgsFollow:-1 -1 76 -1 -1 -1 -1 -1 75 -1 -1 -1 -1 -1 -1 -1 -1 -1 -1 -1 -1 -1 -1 -1 -1 -1 -1 -1 -1 -1 -1 -1 -1 -1 -1 -1 -1 -1 -1 -1
B:43 -1 43 42 -1 43 -1 -1 -1 43 -1 -1 42 -1 43 43 43 -1 43 43 43 -1 -1 -1 -1 -1 -1 -1 -1 -1 -1 -1 -1 -1 -1 -1 -1 -1 -1 -1
Code:-1 -1 -1 -1 -1 -1 21 -1 -1 -1 21 -1 -1 -1 -1 -1 -1 -1 -1 -1 -1 27 20 -1 24 -1 25 -1 -1 -1 22 -1 26 -1 -1 -1 23 -1 -1 -1
CodeBody:-1 -1 -1 -1 -1 -1 14 -1 -1 -1 14 -1 -1 -1 -1 -1 -1 -1 -1 -1 -1 14 14 -1 14 14 14 -1 -1 14 14 14 14 14 -1 14 14 -1 13 -1
CodeList:-1 -1 -1 -1 -1 -1 18 -1 -1 -1 18 -1 -1 -1 -1 -1 -1 -1 -1 -1 -1 18 18 -1 18 -1 18 -1 -1 -1 18 -1 18 -1 -1 -1 18 -1 19 -1
CompareSymbol:68 -1 -1 -1 -1 -1 -1 -1 -1 -1 -1 -1 -1 -1 -1 66 64 -1 63 67 65 -1 -1 -1 -1 -1 -1 -1 -1 -1 -1 -1 -1 -1 -1 -1 -1 -1 -1 -1
ElseIFPart:-1 -1 -1 -1 -1 -1 59 -1 -1 -1 59 -1 -1 -1 -1 -1 -1 -1 -1 -1 -1 59 59 -1 59 -1 59 58 59 -1 59 -1 59 -1 -1 -1 59 -1 59 -1
ElsePart:-1 -1 -1 -1 -1 -1 56 -1 -1 -1 56 -1 -1 -1 -1 -1 -1 -1 -1 -1 -1 56 56 -1 56 -1 56 -1 57 -1 56 -1 56 -1 -1 -1 56 -1 56 -1
F:-1 46 -1 -1 -1 -1 47 -1 -1 -1 48 -1 -1 -1 -1 -1 -1 -1 -1 -1 -1 -1 44 45 -1 -1 -1 -1 -1 -1 -1 -1 -1 -1 -1 -1 -1 -1 -1 -1
FormalParameters:-1 -1 5 -1 -1 -1 -1 -1 -1 -1 -1 -1 -1 -1 -1 -1 -1 -1 -1 -1 -1 -1 -1 -1 -1 4 -1 -1 -1 4 -1 4 -1 4 -1 4 -1 -1 -1 -1
FormalParametersFollow:-1 -1 7 -1 -1 -1 -1 -1 6 -1 -1 -1 -1 -1 -1 -1 -1 -1 -1 -1 -1 -1 -1 -1 -1 -1 -1 -1 -1 -1 -1 -1 -1 -1 -1 -1 -1 -1 -1 -1
FuncCall:-1 -1 -1 -1 -1 -1 -1 -1 -1 -1 -1 -1 -1 -1 -1 -1 -1 -1 -1 -1 -1 70 -1 -1 -1 -1 -1 -1 -1 -1 -1 -1 -1 -1 -1 -1 -1 -1 -1 -1
FuncCallFollow:-1 72 -1 -1 -1 -1 -1 -1 -1 -1 -1 -1 -1 -1 -1 -1 -1 71 -1 -1 -1 -1 -1 -1 -1 -1 -1 -1 -1 -1 -1 -1 -1 -1 -1 -1 -1 -1 -1 -1
Funcs:-1 -1 -1 -1 -1 -1 -1 -1 -1 -1 -1 -1 -1 -1 -1 -1 -1 -1 -1 -1 -1 -1 -1 -1 -1 1 -1 -1 -1 1 -1 1 -1 1 -1 1 -1 -1 -1 3
FuncsHead:-1 -1 -1 -1 -1 -1 -1 -1 -1 -1 -1 -1 -1 -1 -1 -1 -1 -1 -1 -1 -1 -1 -1 -1 -1 2 -1 -1 -1 2 -1 2 -1 2 -1 2 -1 -1 -1 -1
IFStatementFollow:-1 -1 -1 -1 -1 -1 54 -1 -1 -1 54 -1 -1 -1 -1 -1 -1 -1 -1 -1 -1 54 54 -1 54 -1 54 55 55 -1 54 -1 54 -1 -1 -1 54 -1 54 -1
IfStatement:-1 -1 -1 -1 -1 -1 -1 -1 -1 -1 -1 -1 -1 -1 -1 -1 -1 -1 -1 -1 -1 -1 -1 -1 -1 -1 -1 -1 -1 -1 53 -1 -1 -1 -1 -1 -1 -1 -1 -1
JudgeStatement:-1 60 -1 -1 -1 -1 60 -1 -1 -1 60 -1 -1 -1 -1 -1 -1 -1 -1 -1 -1 -1 60 60 -1 -1 -1 -1 -1 -1 -1 -1 -1 -1 -1 -1 -1 -1 -1 -1
JudgeStatementFollow:61 -1 62 -1 -1 -1 -1 -1 -1 -1 -1 -1 -1 -1 -1 61 61 -1 61 61 61 -1 -1 -1 -1 -1 -1 -1 -1 -1 -1 -1 -1 -1 -1 -1 -1 -1 -1 -1
LocalDefineList:-1 -1 -1 -1 -1 -1 16 -1 -1 -1 16 -1 -1 -1 -1 -1 -1 -1 -1 -1 -1 16 16 -1 16 15 16 -1 -1 15 16 15 16 15 -1 15 16 -1 16 -1
LocalVarDefine:-1 -1 -1 -1 -1 -1 -1 -1 -1 -1 -1 -1 -1 -1 -1 -1 -1 -1 -1 -1 -1 -1 -1 -1 -1 17 -1 -1 -1 17 -1 17 -1 17 -1 17 -1 -1 -1 -1
LoopStatement:-1 -1 -1 -1 -1 -1 -1 -1 -1 -1 -1 -1 -1 -1 -1 -1 -1 -1 -1 -1 -1 -1 -1 -1 -1 -1 -1 -1 -1 -1 -1 -1 -1 -1 -1 -1 69 -1 -1 -1
M:-1 -1 -1 -1 -1 49 -1 -1 -1 50 -1 -1 -1 -1 -1 -1 -1 -1 -1 -1 -1 -1 -1 -1 -1 -1 -1 -1 -1 -1 -1 -1 -1 -1 -1 -1 -1 -1 -1 -1
N:-1 -1 -1 51 -1 -1 -1 -1 -1 -1 -1 -1 52 -1 -1 -1 -1 -1 -1 -1 -1 -1 -1 -1 -1 -1 -1 -1 -1 -1 -1 -1 -1 -1 -1 -1 -1 -1 -1 -1
NormalStatement:-1 -1 -1 -1 -1 -1 -1 -1 -1 -1 -1 -1 -1 -1 -1 -1 -1 -1 -1 -1 -1 -1 30 -1 -1 -1 -1 -1 -1 -1 -1 -1 -1 -1 -1 -1 -1 -1 -1 -1
NormalStatementFollow:-1 -1 -1 -1 34 -1 36 32 -1 -1 37 33 -1 35 -1 -1 -1 31 -1 -1 -1 -1 -1 -1 -1 -1 -1 -1 -1 -1 -1 -1 -1 -1 -1 -1 -1 -1 -1 -1
Operation:-1 38 -1 -1 -1 -1 38 -1 -1 -1 38 -1 -1 -1 -1 -1 -1 -1 -1 -1 -1 -1 38 38 -1 -1 -1 -1 -1 -1 -1 -1 -1 -1 -1 -1 -1 -1 -1 -1
PrefixStatement:-1 -1 -1 -1 -1 -1 28 -1 -1 -1 29 -1 -1 -1 -1 -1 -1 -1 -1 -1 -1 -1 -1 -1 -1 -1 -1 -1 -1 -1 -1 -1 -1 -1 -1 -1 -1 -1 -1 -1
Program:-1 -1 -1 -1 -1 -1 -1 -1 -1 -1 -1 -1 -1 -1 -1 -1 -1 -1 -1 -1 -1 -1 -1 -1 -1 0 -1 -1 -1 0 -1 0 -1 0 0 0 -1 -1 -1 -1
Struct:-1 -1 -1 -1 -1 -1 -1 -1 -1 -1 -1 -1 -1 -1 -1 -1 -1 -1 -1 -1 -1 -1 -1 -1 -1 78 -1 -1 -1 78 -1 78 -1 78 77 78 -1 -1 -1 78
T:-1 41 -1 -1 -1 -1 41 -1 -1 -1 41 -1 -1 -1 -1 -1 -1 -1 -1 -1 -1 -1 41 41 -1 -1 -1 -1 -1 -1 -1 -1 -1 -1 -1 -1 -1 -1 -1 -1
Type:-1 -1 -1 -1 -1 -1 -1 -1 -1 -1 -1 -1 -1 -1 -1 -1 -1 -1 -1 -1 -1 -1 -1 -1 -1 11 -1 -1 -1 10 -1 8 -1 12 -1 9 -1 -1 -1 -1
